
strategic_region={
	id=215
	name="STRATEGICREGION_215"
	provinces={
		1244 1253 1279 1281 1296 1308 1315 1337 1357 1366 1385 1394 1427 1488 1535 1548 1990 4275 4297 4312 4319 4348 4371 4388 4392 4433 4496 4511 4566 4582 7225 7236 7292 7295 7312 7338 7353 7367 7408 7492 7516 7531 7544 7559 7572 7587 7601 7675 8045 10156 10158 10193 10217 10221 10250 10293 10371 10384 10398 10411 10425 10438 12122 12131 12173 12195 12201 12220 12224 12230 12264 12286 12292 12345 12360 12373 12388 12402 12417 12431 
	}
	weather={
	}
}
